openTime,open,high,low,close,volume,closeTime,quoteAssetVolume,numberOfTrades,takerBuyBaseAssetVolume,takerBuyQuoteAssetVolume,ignore
1588145220000,16.56020000,16.57000000,16.56000000,16.56910000,1159.37000000,1588145279999,19202.23998000,53,523.90000000,8678.57580100,0
1588145280000,16.56890000,16.56920000,16.56010000,16.56660000,1010.30000000,1588145339999,16734.91655500,78,363.98000000,6029.77424300,0
1588145340000,16.56730000,16.58260000,16.56660000,16.57540000,6596.44000000,1588145399999,109360.86838300,87,6357.76000000,105405.65502100,0
1588145400000,16.58000000,16.58350000,16.57030000,16.58330000,3256.03000000,1588145459999,53984.22258300,97,2479.96000000,41121.29375300,0
1588145460000,16.58330000,16.60720000,16.57550000,16.59260000,17313.66000000,1588145519999,287330.73139300,337,11907.20000000,197596.32279000,0
1588145520000,16.58880000,16.60520000,16.58340000,16.60010000,7252.51000000,1588145579999,120374.15332600,127,3811.69000000,63258.90014300,0
1588145580000,16.60420000,16.61000000,16.60070000,16.60820000,869.19000000,1588145639999,14433.03784600,73,327.16000000,5433.06041700,0
1588145640000,16.60270000,16.60810000,16.60000000,16.60000000,1232.11000000,1588145699999,20456.94571700,58,428.46000000,7115.17181600,0
1588145700000,16.60010000,16.60310000,16.60000000,16.60110000,2221.22000000,1588145759999,36874.05097800,71,1160.95000000,19273.23843700,0
1588145760000,16.60010000,16.60130000,16.60000000,16.60010000,683.83000000,1588145819999,11351.73403600,36,526.12000000,8733.70562800,0
1588145820000,16.60000000,16.60010000,16.59150000,16.59160000,5534.75000000,1588145879999,91875.21584100,81,352.88000000,5857.84328800,0
1588145880000,16.59740000,16.60140000,16.57780000,16.60010000,3580.38000000,1588145939999,59413.62291700,139,1455.48000000,24153.71192500,0
1588145940000,16.60010000,16.60010000,16.60000000,16.60000000,1556.00000000,1588145999999,25829.61845200,36,184.52000000,3063.05045200,0
1588146000000,16.60000000,16.60490000,16.60000000,16.60280000,903.47000000,1588146059999,14999.23860900,57,395.09000000,6559.53179700,0
1588146060000,16.60000000,16.60980000,16.60000000,16.60300000,1222.26000000,1588146119999,20295.41543100,62,652.18000000,10829.05950000,0
1588146120000,16.60300000,16.60900000,16.60300000,16.60870000,851.28000000,1588146179999,14136.27705700,51,275.68000000,4578.63267500,0
1588146180000,16.60890000,16.60980000,16.60350000,16.60980000,829.57000000,1588146239999,13776.88624400,50,631.34000000,10485.06191300,0
1588146240000,16.60980000,16.60990000,16.60980000,16.60980000,947.92000000,1588146299999,15744.81964100,25,175.43000000,2913.86576000,0
1588146300000,16.60980000,16.61130000,16.60900000,16.60900000,1973.66000000,1588146359999,32782.63977100,62,1627.35000000,27030.50899700,0
1588146360000,16.60900000,16.61160000,16.60350000,16.60840000,1750.43000000,1588146419999,29073.46376000,55,909.44000000,15105.26382000,0
1588146420000,16.61050000,16.61830000,16.60840000,16.61830000,1365.88000000,1588146479999,22690.48108200,118,801.20000000,13310.70728700,0
1588146480000,16.61850000,16.62910000,16.60350000,16.60350000,3833.54000000,1588146539999,63714.10180200,191,1921.32000000,31936.76773600,0
1588146540000,16.60350000,16.61680000,16.60350000,16.60910000,1422.15000000,1588146599999,23618.15477100,138,480.24000000,7977.63114900,0
1588146600000,16.60990000,16.61000000,16.58010000,16.60110000,4611.60000000,1588146659999,76549.07826900,156,1466.00000000,24328.58604500,0
1588146660000,16.60110000,16.61000000,16.60110000,16.60730000,623.87000000,1588146719999,10360.23338000,26,336.73000000,5592.12631900,0
1588146720000,16.60730000,16.61000000,16.60440000,16.60860000,1458.55000000,1588146779999,24224.36989000,45,868.69000000,14428.67531300,0
1588146780000,16.60980000,16.61000000,16.60430000,16.61000000,1114.81000000,1588146839999,18516.51541200,26,1097.39000000,18227.24352900,0
1588146840000,16.61000000,16.62110000,16.61000000,16.61940000,830.63000000,1588146899999,13800.38218600,38,312.48000000,5191.67879200,0
1588146900000,16.62040000,16.62510000,16.61020000,16.61540000,1554.75000000,1588146959999,25840.29872300,84,250.51000000,4164.11954300,0
1588146960000,16.61350000,16.62090000,16.61000000,16.61540000,428.93000000,1588147019999,7126.96851000,32,275.16000000,4572.22008200,0
1588147020000,16.61540000,16.62000000,16.61350000,16.61360000,691.97000000,1588147079999,11496.63037900,31,215.04000000,3572.89878300,0
1588147080000,16.61360000,16.62000000,16.61350000,16.61990000,2590.61000000,1588147139999,43045.02936900,39,1669.70000000,27743.90112200,0
1588147140000,16.62000000,16.63950000,16.61980000,16.63950000,3393.98000000,1588147199999,56443.89108900,166,2595.02000000,43156.70395200,0
1588147200000,16.63310000,16.65760000,16.63310000,16.64280000,7198.67000000,1588147259999,119830.98064600,415,3953.62000000,65823.99777200,0
1588147260000,16.65190000,16.66310000,16.64990000,16.66000000,4238.93000000,1588147319999,70618.08862500,129,1342.76000000,22366.17417100,0
1588147320000,16.66000000,16.66600000,16.66000000,16.66550000,1304.91000000,1588147379999,21742.01241300,71,486.50000000,8107.13714000,0
1588147380000,16.66600000,16.66810000,16.66520000,16.66620000,1236.32000000,1588147439999,20605.23013500,61,603.26000000,10054.33938400,0
1588147440000,16.66550000,16.68610000,16.66270000,16.66800000,5121.42000000,1588147499999,85398.44203600,201,2007.29000000,33467.82581000,0
1588147500000,16.66790000,16.67770000,16.66250000,16.67130000,2601.54000000,1588147559999,43371.43339000,53,2285.75000000,38106.77585900,0
1588147560000,16.67330000,16.68100000,16.67140000,16.68090000,1752.16000000,1588147619999,29222.11344600,75,1530.80000000,25531.47491300,0
1588147620000,16.68090000,16.68090000,16.67880000,16.68000000,1640.09000000,1588147679999,27357.04958900,61,1565.63000000,26115.10807500,0
1588147680000,16.68000000,16.70000000,16.67970000,16.69770000,5660.91000000,1588147739999,94496.13981000,208,5216.54000000,87082.74878300,0
1588147740000,16.69820000,16.71070000,16.68290000,16.70900000,6640.98000000,1588147799999,110912.99423000,232,5328.79000000,88994.22145400,0
1588147800000,16.70620000,16.72000000,16.70620000,16.71960000,1962.13000000,1588147859999,32791.77214000,124,976.65000000,16322.73623900,0
1588147860000,16.71960000,16.72000000,16.71650000,16.71650000,1275.75000000,1588147919999,21329.09571700,66,802.81000000,13422.52577500,0
1588147920000,16.71740000,16.71880000,16.71000000,16.71010000,3786.43000000,1588147979999,63295.80297800,67,596.79000000,9976.12286600,0
1588147980000,16.71020000,16.71540000,16.68830000,16.69920000,1281.49000000,1588148039999,21410.17561100,70,102.32000000,1709.35825300,0
1588148040000,16.68800000,16.70090000,16.67970000,16.70090000,4397.72000000,1588148099999,73390.35399400,68,955.54000000,15947.68586900,0
1588148100000,16.70090000,16.70090000,16.69350000,16.70090000,1312.83000000,1588148159999,21923.59840500,53,979.65000000,16360.71942800,0
1588148160000,16.70000000,16.70490000,16.69570000,16.69910000,1559.37000000,1588148219999,26043.03367300,46,435.47000000,7273.20341600,0
1588148220000,16.69910000,16.70470000,16.69700000,16.69700000,878.64000000,1588148279999,14673.80593700,45,703.78000000,11753.56214800,0
1588148280000,16.70090000,16.70700000,16.69600000,16.69700000,1414.83000000,1588148339999,23633.81589800,93,739.32000000,12349.75767300,0
1588148340000,16.69660000,16.70670000,16.69570000,16.70450000,2030.44000000,1588148399999,33913.12979900,78,868.12000000,14498.78977600,0
1588148400000,16.70460000,16.70540000,16.69350000,16.69350000,715.37000000,1588148459999,11946.01855600,40,121.31000000,2025.77994000,0
1588148460000,16.69240000,16.69760000,16.67880000,16.67880000,1407.40000000,1588148519999,23485.69439500,80,385.34000000,6431.02120200,0
1588148520000,16.68130000,16.68280000,16.67040000,16.68100000,1448.29000000,1588148579999,24152.96876400,85,525.08000000,8759.13099400,0
1588148580000,16.68100000,16.68100000,16.67480000,16.67890000,1114.41000000,1588148639999,18586.88228200,44,772.24000000,12880.04081400,0
1588148640000,16.67990000,16.67990000,16.67680000,16.67730000,366.50000000,1588148699999,6112.45975700,41,135.55000000,2260.81757700,0
1588148700000,16.67730000,16.67730000,16.67050000,16.67050000,1206.54000000,1588148759999,20120.09156100,31,198.89000000,3316.70653200,0
1588148760000,16.67470000,16.67770000,16.64320000,16.65330000,2321.75000000,1588148819999,38691.20206400,117,443.96000000,7400.33693100,0
1588148820000,16.65000000,16.68150000,16.61540000,16.68150000,7939.17000000,1588148879999,132049.18171000,358,4916.34000000,81776.89457900,0
1588148880000,16.68140000,16.68740000,16.66580000,16.67490000,1768.34000000,1588148939999,29493.05251400,117,1125.69000000,18777.39087900,0
1588148940000,16.67810000,16.68810000,16.67170000,16.68810000,865.41000000,1588148999999,14432.82380600,53,328.88000000,5486.07660800,0
1588149000000,16.68690000,16.68690000,16.68080000,16.68180000,693.74000000,1588149059999,11573.92242500,51,215.81000000,3600.80987700,0
1588149060000,16.68500000,16.68500000,16.68080000,16.68440000,879.26000000,1588149119999,14669.81346100,40,623.33000000,10400.00350600,0
1588149120000,16.68440000,16.68440000,16.67090000,16.67930000,489.64000000,1588149179999,8167.65256100,25,125.14000000,2087.03001900,0
1588149180000,16.67210000,16.67960000,16.66670000,16.67130000,937.49000000,1588149239999,15630.11972100,53,372.48000000,6210.88897700,0
1588149240000,16.67140000,16.67960000,16.67140000,16.67700000,205.59000000,1588149299999,3428.52716000,19,134.06000000,2235.90555800,0
1588149300000,16.67600000,16.67810000,16.66850000,16.67120000,1080.72000000,1588149359999,18019.45522500,37,372.36000000,6209.38293100,0
1588149360000,16.67230000,16.67230000,16.65850000,16.65920000,803.69000000,1588149419999,13393.91520200,43,273.97000000,4566.18815700,0
1588149420000,16.65010000,16.66070000,16.65010000,16.65300000,237.63000000,1588149479999,3957.52905500,26,112.39000000,1872.01188800,0
1588149480000,16.65200000,16.65300000,16.64660000,16.65190000,337.05000000,1588149539999,5611.96606200,27,291.50000000,4853.66854900,0
1588149540000,16.65100000,16.65280000,16.64880000,16.65000000,381.39000000,1588149599999,6350.23806900,38,208.03000000,3463.75422700,0
1588149600000,16.65000000,16.65010000,16.64700000,16.64780000,1007.90000000,1588149659999,16781.37016200,40,889.63000000,14812.32376400,0
1588149660000,16.64780000,16.65000000,16.64400000,16.64870000,1044.58000000,1588149719999,17389.66520000,45,163.80000000,2726.99003100,0
1588149720000,16.64870000,16.67000000,16.64420000,16.66240000,2297.25000000,1588149779999,38251.59535500,63,2253.24000000,37518.74295100,0
1588149780000,16.66240000,16.66920000,16.63600000,16.64760000,1515.74000000,1588149839999,25241.43741400,66,605.65000000,10086.71746300,0
1588149840000,16.64760000,16.64990000,16.64760000,16.64780000,106.06000000,1588149899999,1765.77816000,7,103.78000000,1727.82117600,0
1588149900000,16.64790000,16.64790000,16.61540000,16.62340000,2059.19000000,1588149959999,34244.17411300,103,615.27000000,10235.15250200,0
1588149960000,16.61550000,16.62230000,16.60100000,16.60880000,2364.30000000,1588150019999,39275.80818400,97,237.79000000,3950.31872400,0
1588150020000,16.60860000,16.61000000,16.60110000,16.60440000,198.02000000,1588150079999,3288.69326200,45,113.06000000,1877.90670500,0
1588150080000,16.61000000,16.61000000,16.58210000,16.58280000,3843.81000000,1588150139999,63803.74474100,160,153.07000000,2541.24786400,0
1588150140000,16.58380000,16.59320000,16.58010000,16.58430000,1344.11000000,1588150199999,22289.30403100,94,623.93000000,10348.31309500,0
1588150200000,16.58130000,16.60510000,16.58020000,16.60480000,1394.49000000,1588150259999,23145.84081500,72,1257.30000000,20869.07240000,0
1588150260000,16.60230000,16.62300000,16.60230000,16.62160000,1980.88000000,1588150319999,32901.02155800,57,1509.07000000,25061.58391800,0
1588150320000,16.62190000,16.62410000,16.61890000,16.61910000,229.14000000,1588150379999,3808.96751800,26,196.53000000,3266.93396300,0
1588150380000,16.62280000,16.62410000,16.62020000,16.62410000,310.67000000,1588150439999,5164.50802600,21,242.48000000,4031.00683500,0
1588150440000,16.62420000,16.63000000,16.62410000,16.62980000,588.65000000,1588150499999,9788.23864200,24,516.43000000,8587.62138200,0
1588150500000,16.62990000,16.62990000,16.61330000,16.61650000,1410.70000000,1588150559999,23450.82099300,62,392.71000000,6527.38704600,0
1588150560000,16.61750000,16.62810000,16.61720000,16.62000000,664.49000000,1588150619999,11043.30720100,24,170.87000000,2839.90285000,0
1588150620000,16.62000000,16.62960000,16.61770000,16.62510000,704.92000000,1588150679999,11716.83569100,43,474.49000000,7886.51415400,0
1588150680000,16.62510000,16.62700000,16.62510000,16.62620000,118.10000000,1588150739999,1963.53566200,19,13.43000000,223.30038700,0
1588150740000,16.62620000,16.62620000,16.61750000,16.62110000,1283.45000000,1588150799999,21330.42683600,36,318.40000000,5292.54927700,0
1588150800000,16.62000000,16.63810000,16.61800000,16.63080000,2153.23000000,1588150859999,35802.94417900,69,2117.18000000,35203.62048900,0
1588150860000,16.63090000,16.63740000,16.63070000,16.63530000,710.09000000,1588150919999,11811.49778500,47,342.89000000,5704.12454700,0
1588150920000,16.63510000,16.63700000,16.62170000,16.63210000,568.87000000,1588150979999,9460.91333300,45,120.90000000,2010.66802900,0
1588150980000,16.62520000,16.63540000,16.60970000,16.63540000,2167.02000000,1588151039999,36017.97481600,80,800.22000000,13303.91796400,0
1588151040000,16.63540000,16.63540000,16.62580000,16.63000000,445.25000000,1588151099999,7405.05612300,34,336.42000000,5595.03138200,0
1588151100000,16.62880000,16.63000000,16.62620000,16.63000000,656.02000000,1588151159999,10908.86742000,38,412.51000000,6859.89159500,0
1588151160000,16.63000000,16.63000000,16.62620000,16.62980000,746.62000000,1588151219999,12415.89460000,42,380.58000000,6328.85726100,0
1588151220000,16.62990000,16.63000000,16.62750000,16.63000000,262.07000000,1588151279999,4358.07358300,27,257.92000000,4289.06945800,0
1588151280000,16.63000000,16.63580000,16.63000000,16.63540000,367.83000000,1588151339999,6117.41837200,33,327.18000000,5441.32272000,0
1588151340000,16.63580000,16.63670000,16.63000000,16.63440000,1191.24000000,1588151399999,19813.74354700,50,547.28000000,9103.57616300,0
1588151400000,16.63440000,16.63540000,16.63030000,16.63030000,928.64000000,1588151459999,15443.83770600,32,106.83000000,1776.88963400,0
1588151460000,16.63020000,16.63020000,16.62740000,16.63010000,229.34000000,1588151519999,3813.85792500,14,53.68000000,892.66869700,0
1588151520000,16.62840000,16.63000000,16.62620000,16.62850000,514.42000000,1588151579999,8554.08726000,24,327.99000000,5454.20190900,0
1588151580000,16.62840000,16.62900000,16.62600000,16.62900000,968.72000000,1588151639999,16107.16506100,28,485.48000000,8072.43480400,0
1588151640000,16.62880000,16.62890000,16.62610000,16.62780000,292.76000000,1588151699999,4867.86347400,18,192.40000000,3199.14814200,0
1588151700000,16.62840000,16.64000000,16.62610000,16.64000000,1409.50000000,1588151759999,23441.02279200,46,1185.63000000,19718.28483900,0
1588151760000,16.63080000,16.64530000,16.63080000,16.64010000,247.44000000,1588151819999,4117.43104000,20,97.62000000,1624.71887800,0
1588151820000,16.64380000,16.64810000,16.64050000,16.64810000,309.71000000,1588151879999,5155.17785700,26,241.49000000,4019.77770900,0
1588151880000,16.64970000,16.65260000,16.64810000,16.65000000,705.99000000,1588151939999,11754.95003200,42,570.14000000,9493.23148200,0
1588151940000,16.64830000,16.65000000,16.64020000,16.64390000,1340.97000000,1588151999999,22326.05446900,56,910.47000000,15158.54459100,0
1588152000000,16.64850000,16.65980000,16.64390000,16.65740000,723.37000000,1588152059999,12043.73650000,41,651.63000000,10849.61600900,0
1588152060000,16.65770000,16.66700000,16.65020000,16.66690000,465.47000000,1588152119999,7753.50036000,44,216.99000000,3614.60542600,0
1588152120000,16.66700000,16.67460000,16.66700000,16.67400000,777.84000000,1588152179999,12967.25457300,36,657.94000000,10968.49938200,0
1588152180000,16.67400000,16.67400000,16.67030000,16.67400000,334.21000000,1588152239999,5572.51501000,20,308.32000000,5140.85700600,0
1588152240000,16.67390000,16.67400000,16.65840000,16.67090000,706.71000000,1588152299999,11778.94752000,52,221.97000000,3699.22401400,0
1588152300000,16.66750000,16.67350000,16.66340000,16.67000000,243.73000000,1588152359999,4063.19634300,24,202.79000000,3380.81821700,0
1588152360000,16.67210000,16.67210000,16.65170000,16.65280000,790.41000000,1588152419999,13169.51409500,61,329.06000000,5482.61114300,0
1588152420000,16.65520000,16.66900000,16.65520000,16.66900000,952.76000000,1588152479999,15873.50411100,36,851.37000000,14184.79188400,0
1588152480000,16.66990000,16.67400000,16.66480000,16.67250000,945.45000000,1588152539999,15760.76974500,45,477.48000000,7960.55009200,0
1588152540000,16.66870000,16.67540000,16.66870000,16.67530000,399.99000000,1588152599999,6669.10527800,36,172.24000000,2871.76535800,0
1588152600000,16.67410000,16.67540000,16.66760000,16.67240000,731.21000000,1588152659999,12190.91041800,50,89.40000000,1490.45875200,0
1588152660000,16.67140000,16.67530000,16.66410000,16.67190000,294.35000000,1588152719999,4906.69344600,25,186.76000000,3113.49357700,0
1588152720000,16.67130000,16.67370000,16.66620000,16.66630000,175.70000000,1588152779999,2928.57626700,23,157.14000000,2619.25080000,0
1588152780000,16.66680000,16.66690000,16.65890000,16.66010000,1590.93000000,1588152839999,26510.86440400,77,580.12000000,9667.15132500,0
1588152840000,16.66010000,16.66200000,16.65560000,16.65940000,1396.16000000,1588152899999,23255.23581700,45,283.03000000,4715.24256800,0
1588152900000,16.65600000,16.65910000,16.65570000,16.65870000,172.47000000,1588152959999,2872.82075800,20,13.53000000,225.39362300,0
1588152960000,16.65870000,16.66390000,16.65870000,16.66370000,335.47000000,1588153019999,5589.44246800,34,268.04000000,4466.00138500,0
1588153020000,16.66370000,16.66500000,16.66000000,16.66500000,371.25000000,1588153079999,6186.54986300,23,357.46000000,5956.77159100,0
1588153080000,16.66410000,16.66500000,16.65870000,16.66410000,262.58000000,1588153139999,4375.36060600,23,193.98000000,3232.44352000,0
1588153140000,16.66410000,16.66990000,16.66410000,16.66500000,106.30000000,1588153199999,1771.49778600,25,101.06000000,1684.17245000,0
1588153200000,16.66500000,16.68000000,16.66500000,16.68000000,646.56000000,1588153259999,10778.64303000,51,635.55000000,10595.12023800,0
1588153260000,16.68000000,16.69000000,16.67720000,16.69000000,496.78000000,1588153319999,8287.70783100,65,433.94000000,7239.61591700,0
1588153320000,16.69000000,16.69690000,16.68760000,16.69580000,417.38000000,1588153379999,6967.70497600,49,379.41000000,6334.00366000,0
1588153380000,16.69160000,16.72880000,16.69150000,16.70210000,5585.73000000,1588153439999,93357.63766800,285,4064.52000000,67930.26627800,0
1588153440000,16.70210000,16.70500000,16.64140000,16.68080000,5878.94000000,1588153499999,97986.28125700,327,3556.10000000,59265.83928800,0
1588153500000,16.68070000,16.69310000,16.66350000,16.68680000,1734.19000000,1588153559999,28921.66557600,93,751.90000000,12541.37865100,0
1588153560000,16.69320000,16.69940000,16.68080000,16.68540000,610.21000000,1588153619999,10186.53560000,59,473.54000000,7905.79365800,0
1588153620000,16.68130000,16.69370000,16.68060000,16.68600000,898.68000000,1588153679999,14994.31965800,65,367.84000000,6138.07294600,0
1588153680000,16.68470000,16.68470000,16.66010000,16.67030000,2895.49000000,1588153739999,48256.13387000,78,2128.79000000,35475.37008200,0
1588153740000,16.67450000,16.67490000,16.67050000,16.67230000,383.61000000,1588153799999,6396.16965300,29,349.47000000,5826.97129800,0
1588153800000,16.67240000,16.67410000,16.67240000,16.67320000,348.01000000,1588153859999,5802.38280800,30,277.13000000,4620.61711700,0
1588153860000,16.67410000,16.67440000,16.66010000,16.66130000,708.03000000,1588153919999,11803.70322500,33,85.92000000,1432.46803200,0
1588153920000,16.66760000,16.67500000,16.66750000,16.67400000,665.23000000,1588153979999,11091.26015500,47,664.39000000,11077.25399500,0
1588153980000,16.67500000,16.68640000,16.67400000,16.68000000,718.96000000,1588154039999,11991.05019200,29,645.25000000,10761.72791700,0
1588154040000,16.68080000,16.69940000,16.68000000,16.69660000,1068.79000000,1588154099999,17841.41194100,51,702.88000000,11733.97008500,0
1588154100000,16.69500000,16.69540000,16.68860000,16.68960000,454.00000000,1588154159999,7578.48934800,23,305.84000000,5105.75019000,0
1588154160000,16.68860000,16.69970000,16.68860000,16.69230000,803.54000000,1588154219999,13412.08717300,62,551.57000000,9206.00025200,0
1588154220000,16.69180000,16.69180000,16.68860000,16.68860000,950.53000000,1588154279999,15864.17068700,42,843.42000000,14076.60131300,0
1588154280000,16.68990000,16.70000000,16.68990000,16.70000000,995.61000000,1588154339999,16620.69789800,43,805.56000000,13448.55782000,0
1588154340000,16.69900000,16.70990000,16.69900000,16.70640000,803.07000000,1588154399999,13414.22943900,46,595.62000000,9948.80892900,0
1588154400000,16.70710000,16.71510000,16.69020000,16.69050000,3441.02000000,1588154459999,57489.96899700,144,1064.30000000,17785.38679700,0
1588154460000,16.69050000,16.71500000,16.69000000,16.71500000,539.96000000,1588154519999,9018.59311800,44,324.09000000,5413.05818800,0
1588154520000,16.71500000,16.71500000,16.69910000,16.70410000,607.12000000,1588154579999,10142.80163300,30,397.89000000,6647.25647400,0
1588154580000,16.70410000,16.70620000,16.69000000,16.69450000,839.47000000,1588154639999,14017.34563900,49,201.86000000,3370.07250400,0
1588154640000,16.70000000,16.70870000,16.69150000,16.70770000,1132.48000000,1588154699999,18913.93644100,36,974.87000000,16282.88659800,0
1588154700000,16.70480000,16.71180000,16.70270000,16.70830000,2072.44000000,1588154759999,34620.05770700,41,1961.40000000,32764.99617000,0
1588154760000,16.70830000,16.72880000,16.70830000,16.72530000,1573.14000000,1588154819999,26304.98164300,113,749.18000000,12525.76457700,0
1588154820000,16.72530000,16.72880000,16.69990000,16.70150000,3716.96000000,1588154879999,62147.68423800,128,1990.80000000,33291.80697100,0
1588154880000,16.70850000,16.72800000,16.70850000,16.72070000,732.03000000,1588154939999,12241.51837400,53,330.52000000,5528.15612300,0
1588154940000,16.71400000,16.72000000,16.71200000,16.72000000,219.92000000,1588154999999,3676.20508500,18,206.95000000,3459.37017300,0
1588155000000,16.72440000,16.72580000,16.72230000,16.72500000,1733.89000000,1588155059999,28999.93064500,96,1342.45000000,22453.12021700,0
1588155060000,16.72510000,16.72580000,16.71750000,16.72580000,2047.21000000,1588155119999,34234.37093800,80,407.77000000,6819.13037600,0
1588155120000,16.72580000,16.78000000,16.70190000,16.72140000,13159.73000000,1588155179999,220357.27254300,706,9355.48000000,156666.41151800,0
1588155180000,16.72560000,16.75140000,16.70400000,16.71800000,7886.11000000,1588155239999,131936.01158600,373,3640.37000000,60926.68156500,0
1588155240000,16.71570000,16.74640000,16.70510000,16.73890000,2541.45000000,1588155299999,42521.75575300,161,1483.93000000,24825.54796900,0
1588155300000,16.73910000,16.73980000,16.72000000,16.73590000,1764.89000000,1588155359999,29520.29672000,122,817.60000000,13677.03401000,0
1588155360000,16.73960000,16.75240000,16.72510000,16.74870000,2570.02000000,1588155419999,43025.09764700,147,1613.14000000,27010.25555400,0
1588155420000,16.74840000,16.74950000,16.73840000,16.74950000,1699.34000000,1588155479999,28453.77214500,103,944.59000000,15817.43525700,0
1588155480000,16.74710000,16.76610000,16.74340000,16.75310000,3752.94000000,1588155539999,62868.89528100,152,2198.36000000,36826.66600500,0
1588155540000,16.75310000,16.77320000,16.74280000,16.75510000,2932.08000000,1588155599999,49150.07620600,174,1234.26000000,20690.42195000,0
1588155600000,16.76020000,16.76140000,16.73360000,16.75010000,5551.80000000,1588155659999,92984.28937400,198,2745.05000000,45984.18748200,0
1588155660000,16.75280000,16.75330000,16.73390000,16.75330000,5720.98000000,1588155719999,95813.75174400,143,1376.14000000,23049.39857100,0
1588155720000,16.76360000,16.78000000,16.75290000,16.77990000,1381.23000000,1588155779999,23171.86154000,73,1016.47000000,17055.17559900,0
1588155780000,16.77990000,16.78010000,16.76640000,16.78010000,1637.50000000,1588155839999,27469.62373600,72,1281.64000000,21501.18666600,0
1588155840000,16.78010000,16.79730000,16.77340000,16.78060000,8778.67000000,1588155899999,147335.99537900,244,6868.60000000,115276.14252900,0
1588155900000,16.78050000,16.82340000,16.78050000,16.80720000,12145.92000000,1588155959999,204089.83507300,522,10661.42000000,179136.80704100,0
1588155960000,16.80700000,16.83000000,16.80100000,16.80890000,11808.85000000,1588156019999,198567.66149700,339,6256.45000000,105244.36218700,0
1588156020000,16.80970000,16.81510000,16.79670000,16.80150000,6336.21000000,1588156079999,106461.26873500,191,1303.95000000,21913.60522600,0
1588156080000,16.80850000,16.82600000,16.80070000,16.80520000,3242.54000000,1588156139999,54517.24904000,163,1581.07000000,26585.50431200,0
1588156140000,16.81200000,16.81200000,16.75700000,16.77910000,14461.13000000,1588156199999,242674.49926200,322,3717.83000000,62385.41462900,0
1588156200000,16.77520000,16.80000000,16.77240000,16.79750000,5172.88000000,1588156259999,86861.87124000,179,3635.90000000,61052.60721200,0
1588156260000,16.79850000,16.80000000,16.78560000,16.79990000,2788.96000000,1588156319999,46846.53486300,129,1748.80000000,29376.12421000,0
1588156320000,16.79990000,16.79990000,16.73340000,16.74400000,6862.52000000,1588156379999,115044.43736800,227,1337.25000000,22442.19791400,0
1588156380000,16.74390000,16.79120000,16.73190000,16.78310000,5779.24000000,1588156439999,96876.72625800,248,3359.77000000,56319.81354900,0
1588156440000,16.77680000,16.78530000,16.76170000,16.77290000,3444.78000000,1588156499999,57780.76360800,159,1966.09000000,32986.16396300,0
1588156500000,16.77290000,16.79490000,16.75860000,16.75930000,6696.34000000,1588156559999,112351.22755000,154,3537.49000000,59379.56805000,0
1588156560000,16.75920000,16.77200000,16.75300000,16.75660000,2116.38000000,1588156619999,35474.68872700,80,1147.73000000,19242.87131900,0
1588156620000,16.75440000,16.76720000,16.75440000,16.75440000,4069.14000000,1588156679999,68195.99871300,121,1815.63000000,30433.64316500,0
1588156680000,16.75440000,16.76690000,16.74000000,16.76160000,2987.81000000,1588156739999,50054.79331700,97,2014.75000000,33757.32827600,0
1588156740000,16.76430000,16.77000000,16.75500000,16.77000000,716.83000000,1588156799999,12016.00333900,55,373.88000000,6267.59013600,0
1588156800000,16.76550000,16.77600000,16.76390000,16.77590000,1877.60000000,1588156859999,31486.56449400,65,1442.18000000,24185.82672700,0
1588156860000,16.77940000,16.77970000,16.77070000,16.77490000,1239.54000000,1588156919999,20794.48686900,48,718.81000000,12060.54919200,0
1588156920000,16.77970000,16.79740000,16.77970000,16.79740000,708.60000000,1588156979999,11894.47411400,50,371.82000000,6240.45238400,0
1588156980000,16.79740000,16.79740000,16.78150000,16.79000000,1524.21000000,1588157039999,25592.81107200,60,269.78000000,4529.78430400,0
1588157040000,16.79000000,16.80000000,16.79000000,16.79840000,1006.26000000,1588157099999,16902.09715500,70,563.76000000,9470.23257900,0
1588157100000,16.79790000,16.80000000,16.79490000,16.79710000,618.36000000,1588157159999,10387.61688300,48,444.26000000,7463.28778700,0
1588157160000,16.79710000,16.80000000,16.77380000,16.77530000,3075.07000000,1588157219999,51632.07347900,108,344.83000000,5792.22164500,0